"Edu2.FM","Labour.FM","Edu.Expected","GNI","Maternal.Mortality","Percent.Parliament.F"
"Norway",1.00723888314374,0.890829694323144,17.5,64992,4,39.6
"Australia",0.996828752642706,0.818941504178273,20.2,42261,6,30.5
"Switzerland",0.98343685300207,0.825100133511348,15.8,56431,6,28.5
"Denmark",0.988612836438924,0.884036144578313,18.7,44025,5,38
"Netherlands",0.969060773480663,0.828611898016997,17.9,45435,6,36.9
"Germany",0.992783505154639,0.807228915662651,16.5,43919,7,36.9
"Ireland",1.02417302798982,0.779735682819383,18.6,39568,9,19.9
"United States",1.00316455696203,0.817126269956459,16.5,52947,28,19.4
"Canada",1,0.867605633802817,15.9,42155,11,28.2
"New Zealand",0.99685204616999,0.840108401084011,19.2,32689,8,31.4
"Singapore",0.914814814814815,0.761658031088083,15.4,76628,6,25.3
"Sweden",0.990836197021764,0.888070692194403,15.8,45636,4,43.6
"United Kingdom",0.998998998998999,0.810771470160116,16.2,39267,8,23.5
"Iceland",0.993449781659389,0.910852713178295,19,35182,4,41.3
"Korea (Republic of)",0.864197530864198,0.694868238557559,16.9,33890,27,16.3
"Israel",0.966781214203895,0.837916063675832,16,30676,2,22.5
"Luxembourg",1,0.784829721362229,13.9,58711,11,28.3
"Japan",1.01398601398601,0.693181818181818,15.3,36927,6,11.6
"Belgium",0.934861278648975,0.801011804384486,16.3,41187,6,42.4
"France",0.9375,0.823051948051948,16,38056,12,25.7
"Austria",1,0.806499261447563,15.7,43869,4,30.3
"Finland",1,0.8703125,17.1,38695,4,42.5
"Slovenia",0.977551020408163,0.82753164556962,16.8,27852,7,27.7
"Spain",0.913816689466484,0.797872340425532,17.3,32045,4,38
"Italy",0.884472049689441,0.665546218487395,16,33030,4,30.1
"Czech Republic",1.00200601805416,0.748169838945827,16.4,26660,5,18.9
"Greece",0.888059701492537,0.7072,17.6,24524,5,21
"Estonia",1,0.815674891146589,16.5,25214,11,19.8
"Cyprus",0.930232558139535,0.787623066104079,14,28633,10,12.5
"Qatar",1.13050847457627,0.531937172774869,13.8,123124,6,0
"Slovakia",0.995979899497487,0.744897959183674,15.1,25845,7,18.7
"Poland",0.928654970760234,0.75346687211094,15.5,23177,3,22.1
"Lithuania",0.944856839872746,0.829123328380386,16.4,24500,11,23.4
"Malta",0.877237851662404,0.571644042232277,14.4,27930,9,13
"Saudi Arabia",0.860597439544808,0.257982120051086,16.3,52821,16,19.9
"Argentina",0.977430555555555,0.633333333333333,17.9,22050,69,36.8
"United Arab Emirates",1.19444444444444,0.505434782608696,13.3,60868,8,17.5
"Chile",0.959424083769633,0.657754010695187,15.2,21290,22,15.8
"Portugal",0.989626556016598,0.829305135951662,16.3,25757,8,31.3
"Hungary",0.991894630192503,0.746666666666667,15.4,22916,14,10.1
"Bahrain",1.10311284046693,0.451093210586881,14.4,38599,22,15
"Latvia",0.998989898989899,0.812130177514793,15.2,22281,13,18
"Croatia",0.908119658119658,0.76541095890411,14.8,19409,13,25.8
"Kuwait",0.987566607460036,0.524669073405536,14.7,83961,14,1.5
"Montenegro",0.889123548046463,0.75043630017452,15.2,14558,7,17.3
"Belarus",0.943600867678959,0.793977812995246,15.7,16676,1,30.1
"Russian Federation",0.968648648648649,0.796373779637378,14.7,22352,24,14.5
"Oman",0.82661996497373,0.351089588377724,13.6,34858,11,9.6
"Romania",0.935869565217391,0.750385208012327,14.2,18108,33,12
"Uruguay",1.08151093439364,0.723958333333333,15.5,19283,14,11.5
"Bahamas",1.04109589041096,0.873896595208071,12.6,21336,37,16.7
"Kazakhstan",0.964574898785425,0.869062901155327,15,20867,26,20.1
"Barbados",1.02052451539339,0.860313315926893,15.4,12488,52,19.6
"Bulgaria",0.971786833855799,0.811864406779661,14.4,15596,5,20.4
"Panama",1.08216432865731,0.599022004889976,13.3,18192,85,19.3
"Malaysia",0.91304347826087,0.588079470198675,12.7,22762,29,14.2
"Mauritius",0.851724137931034,0.587601078167116,15.6,17470,73,11.6
"Trinidad and Tobago",0.980295566502463,0.701986754966887,12.3,26090,84,24.7
"Serbia",0.793478260869565,0.730706075533662,14.4,12190,16,34
"Cuba",0.942893401015228,0.62,13.8,7301,80,48.9
"Lebanon",0.956678700361011,0.328631875881523,13.8,16509,16,3.1
"Costa Rica",1.0039603960396,0.589873417721519,13.9,13413,38,33.3
"Iran (Islamic Republic of)",0.920118343195266,0.22554347826087,15.1,15440,23,3.1
"Venezuela (Bolivarian Republic of)",1.11417322834646,0.64520202020202,14.2,16159,110,17
"Turkey",0.65,0.415254237288136,14.5,18677,20,14.4
"Sri Lanka",0.951570680628272,0.46002621231979,13.7,9779,29,5.8
"Mexico",0.919141914191419,0.564455569461827,13.1,16056,49,37.1
"Brazil",1.04198473282443,0.735148514851485,15.2,15175,69,9.6
"Georgia",0.967637540453074,0.752330226364847,13.8,7164,41,11.3
"Azerbaijan",0.962012320328542,0.903735632183908,11.9,16428,26,15.6
"Jordan",0.885350318471338,0.234234234234234,13.5,11365,50,11.6
"The former Yugoslav Republic of Macedonia",0.723021582733813,0.638518518518518,13.4,11780,7,33.3
"Ukraine",0.956204379562044,0.795216741405082,15.1,8178,23,11.8
"Algeria",0.861290322580645,0.210526315789474,14,13054,89,25.7
"Peru",0.851739788199697,0.808056872037915,13.1,11015,89,22.3
"Albania",0.930602957906712,0.685496183206107,11.8,9943,21,20.7
"Armenia",0.989473684210526,0.746556473829201,12.3,8124,29,10.7
"Bosnia and Herzegovina",0.643266475644699,0.595113438045375,13.6,9638,8,19.3
"Ecuador",1.01776649746193,0.66142684401451,14.2,10605,87,41.6
"China",0.816411682892907,0.816091954022989,13.1,12547,32,23.6
"Fiji",0.995348837209302,0.520833333333333,15.7,7493,59,14
"Mongolia",1.01426872770511,0.816738816738817,14.6,10729,68,14.9
"Thailand",0.875,0.796778190830235,13.5,13323,26,6.1
"Libya",1.32458233890215,0.392670157068063,14,14911,15,16
"Tunisia",0.711496746203904,0.354019746121298,14.6,10404,46,31.3
"Colombia",1.02338129496403,0.700125470514429,13.5,12040,83,20.9
"Jamaica",1.05413105413105,0.791255289139633,12.4,7415,80,16.7
"Tonga",0.990939977349943,0.7171581769437,14.7,5069,120,0
"Belize",1.00791556728232,0.597812879708384,13.6,7614,45,13.3
"Dominican Republic",1.04708097928437,0.652671755725191,13.1,11883,100,19.1
"Suriname",0.94692144373673,0.588662790697674,12.7,15617,130,11.8
"Maldives",0.834862385321101,0.725161290322581,13,12328,31,5.9
"Samoa",1.07166666666667,0.402397260273973,12.9,5327,58,6.1
"Botswana",0.944801026957638,0.881127450980392,12.5,16646,170,9.5
"Moldova (Republic of)",0.968944099378882,0.850678733031674,11.9,5223,21,20.8
"Egypt",0.724422442244224,0.316844919786096,13.5,10512,45,2.2
"Gabon",1.49307479224377,0.859327217125382,12.5,16367,240,16.2
"Indonesia",0.810975609756098,0.610451306413302,13,9788,190,17.1
"Paraguay",0.855813953488372,0.65683962264151,11.9,7643,110,16.8
"Philippines",1.03453689167975,0.641154328732748,11.3,7915,120,27.1
"El Salvador",0.844036697247706,0.605063291139241,12.3,7349,69,27.4
"South Africa",0.957839262187088,0.735537190082645,13.6,12122,140,40.7
"Viet Nam",0.834269662921348,0.888077858880779,11.9,5092,49,24.3
"Bolivia (Plurinational State of)",0.805414551607445,0.793572311495674,13.2,5760,200,51.8
"Kyrgyzstan",0.976239669421488,0.70440251572327,12.5,3044,75,23.3
"Iraq",0.553784860557769,0.213467048710602,10.1,14003,67,26.5
"Guyana",1.26150627615063,0.529192546583851,10.3,6522,250,31.3
"Nicaragua",1.02872062663185,0.590286425902864,11.5,4457,100,39.1
"Morocco",0.685430463576159,0.349604221635884,11.6,6850,120,11
"Namibia",0.968023255813953,0.858712715855573,11.3,9418,130,37.7
"Guatemala",0.943965517241379,0.558956916099773,10.7,6929,140,13.3
"Tajikistan",1.04276315789474,0.763942931258106,11.2,2517,44,15.2
"India",0.477031802120141,0.337922403003755,11.7,5497,190,12.2
"Honduras",1.08527131782946,0.516284680337756,11.1,3938,120,25.8
"Bhutan",0.985507246376812,0.863989637305699,12.6,7176,120,8.3
"Syrian Arab Republic",0.728395061728395,0.185694635488308,12.3,2728,49,12.4
"Congo",0.84468085106383,0.938356164383562,11.1,6012,410,11.5
"Zambia",0.586363636363636,0.853971962616822,13.5,3734,280,12.7
"Ghana",0.698608964451314,0.942577030812325,11.5,3852,380,10.9
"Bangladesh",0.825665859564165,0.682520808561237,10,3191,170,20
"Cambodia",0.432314410480349,0.910982658959538,10.9,2949,170,19
"Kenya",0.805732484076433,0.859116022099447,11,2762,400,20.8
"Nepal",0.463350785340314,0.917336394948335,12.4,2311,190,29.5
"Pakistan",0.418655097613883,0.296743063932449,7.8,4866,170,19.7
"Myanmar",1.49673202614379,0.913730255164034,8.6,4608,200,4.7
"Swaziland",0.842307692307692,0.613128491620112,11.3,5542,310,14.7
"Tanzania (United Republic of)",0.589473684210526,0.976718403547672,9.2,2411,410,36
"Cameroon",0.610315186246418,0.830729166666667,10.4,2803,590,27.1
"Zimbabwe",0.785483870967742,0.927536231884058,10.9,1615,470,35.1
"Mauritania",0.397129186602871,0.36283185840708,8.5,3560,320,22.2
"Papua New Guinea",0.524137931034483,0.952702702702703,9.9,2463,220,2.7
"Yemen",0.322097378277154,0.35180055401662,9.2,3519,270,0.7
"Lesotho",1.15263157894737,0.802721088435374,11.1,3306,490,26.8
"Togo",0.399503722084367,0.991389913899139,12.2,1228,450,17.6
"Haiti",0.636363636363636,0.857746478873239,8.7,1669,380,3.5
"Rwanda",0.909090909090909,1.01289566236811,10.3,1458,320,57.5
"Uganda",0.683582089552239,0.957070707070707,9.8,1613,360,35
"Benin",0.418518518518519,0.863346104725415,11.1,1767,340,8.4
"Sudan",0.664835164835165,0.411842105263158,7,3809,360,23.8
"Senegal",0.467532467532468,0.75,7.9,2188,320,42.7
"Afghanistan",0.197986577181208,0.19874213836478,9.3,1885,400,27.6
"Côte d'Ivoire",0.465116279069767,0.643734643734644,8.9,3171,720,9.2
"Malawi",0.513888888888889,1.03803680981595,10.8,747,510,16.7
"Ethiopia",0.428571428571429,0.875699888017917,8.5,1428,420,25.5
"Gambia",0.552380952380952,0.870928829915561,8.8,1507,430,9.4
"Congo (Democratic Republic of the)",0.395061728395062,0.965846994535519,9.8,680,730,8.2
"Liberia",0.391857506361323,0.898148148148148,9.5,805,640,10.7
"Mali",0.509933774834437,0.624078624078624,8.4,1583,550,9.5
"Mozambique",0.225806451612903,1.03260869565217,9.3,1123,480,39.6
"Sierra Leone",0.460829493087558,0.952173913043478,8.6,1780,1100,12.4
"Burkina Faso",0.28125,0.856666666666667,7.8,1591,400,13.3
"Burundi",0.63855421686747,1.01585365853659,10.1,758,740,34.9
"Chad",0.171717171717172,0.808080808080808,7.4,2085,980,14.9
"Central African Republic",0.378277153558052,0.853113983548766,7.2,581,880,12.5
"Niger",0.307692307692308,0.445930880713489,5.4,908,630,13.3
